Niveau;0;3;0
Appartement;0;0
Coin;0;0.0;0.0
Coin;1;0.0;3.0
Coin;2;0.0;6.0
Coin;3;3.0;0.0
Coin;4;3.0;3.0
Coin;5;3.0;6.0
Coin;6;6.0;0.0
Coin;7;6.0;3.0
Coin;8;6.0;6.0
Mur;0;0;1;1;0;1
Mur;1;0;3;0;1;1
Mur;2;1;2;0;1;1
Mur;3;1;4;0;1;1
Mur;4;2;5;1;0;1
Mur;5;3;4;0;1;1
Mur;6;3;6;0;1;1
Mur;7;4;5;0;1;1
Mur;8;4;7;1;0;1
Mur;9;5;8;0;1;1
Mur;10;6;7;0;0;1
Mur;11;7;8;2;0;1
Sol;0;2;4;5;1;0;1
Sol;0;3;4;7;6;0;1
Sol;0;4;7;5;8;0;1
Sol;0;3;4;0;1;0;1
Plafond;0;2;4;5;1;0;1
Plafond;1;3;4;7;6;1;1
Plafond;2;4;7;5;8;0;1
Plafond;3;3;4;0;1;0;1
